-1 0.02 -0.2 0 1 0 0 1
-0.037 0.02 -0.2 0 1 0 1 1
-1 0.02 0 0 1 0 0 0
-0.1 0.02 0 0 1 0 1 0
0.037 0.02 -0.2 0 1 0 0 1
1 0.02 -0.2 0 1 0 1 1
0.1 0.02 0 0 1 0 0 0
1 0.02 0 0 1 0 1 0
-0.26 0 0 0 1 0 0 1
-0.24 0 0 0 1 0 1 1
-0.26 0 0.5 0 1 0 0 0
-0.24 0 0.5 0 1 0 1 0
0.24 0 0 0 1 0 0 1
0.26 0 0 0 1 0 1 1
0.24 0 0.5 0 1 0 0 0
0.26 0 0.5 0 1 0 1 0
-1 -0.02 -0.2 0 -1 0 0 1
-0.083 -0.02 -0.2 0 -1 0 1 1
-1 -0.02 0 0 -1 0 0 0
-0.152 -0.02 0 0 -1 0 1 0
0.083 -0.02 -0.2 0 -1 0 0 1
1 -0.02 -0.2 0 -1 0 1 1
0.152 -0.02 0 0 -1 0 0 0
1 -0.02 0 0 -1 0 1 0
-0.26 -0.02 0 0 -1 0 0 1
-0.24 -0.02 0 0 -1 0 1 1
-0.26 -0.02 0.5 0 -1 0 0 0
-0.24 -0.02 0.5 0 -1 0 1 0
0.24 -0.02 0 0 -1 0 0 1
0.26 -0.02 0 0 -1 0 1 1
0.24 -0.02 0.5 0 -1 0 0 0
0.26 -0.02 0.5 0 -1 0 1 0
0 -0.03 -0.5 0 -1 0 0.5 1
0.2 -0.03 0.1 0 -1 0 1 0
-0.2 -0.03 0.1 0 -1 0 0 0
-1 0.02 -0.2 -1 0 0 0 1
-1 0.02 0 -1 0 0 1 1
-1 -0.02 -0.2 -1 0 0 0 0
-1 -0.02 0 -1 0 0 1 0
-0.26 0 0 -1 0 0 0 1
-0.26 0 0.5 -1 0 0 1 1
-0.26 -0.02 0 -1 0 0 0 0
-0.26 -0.02 0.5 -1 0 0 1 0
0.24 0 0 -1 0 0 0 1
0.24 0 0.35 -1 0 0 1 1
0.24 -0.02 0 -1 0 0 0 0
0.24 -0.02 0.35 -1 0 0 1 0
1 0.02 -0.2 1 0 0 0 1
1 0.02 0 1 0 0 1 1
1 -0.02 -0.2 1 0 0 0 0
1 -0.02 0 1 0 0 1 0
0.26 0 0 1 0 0 0 1
0.26 0 0.5 1 0 0 1 1
0.26 -0.02 0 1 0 0 0 0
0.26 -0.02 0.5 1 0 0 1 0
-0.24 0 0 1 0 0 0 1
-0.24 0 0.35 1 0 0 1 1
-0.24 -0.02 0 1 0 0 0 0
-0.24 -0.02 0.35 1 0 0 1 0
-1 0.02 -0.2 0 0 -1 0 1
-0.037 0.02 -0.2 0 0 -1 1 1
-1 -0.02 -0.2 0 0 -1 0 0
-0.083 -0.02 -0.2 0 0 -1 1 0
0.037 0.02 -0.2 0 0 -1 0 1
1 0.02 -0.2 0 0 -1 1 1
0.083 -0.02 -0.2 0 0 -1 0 0
1 -0.02 -0.2 0 0 -1 1 0
-0.24 0 0.35 0 0 -1 0 1
0 0.2 0.35 0 0 -1 1 1
-0.24 -0.02 0.35 0 0 -1 0 0
0 0.18 0.35 0 0 -1 1 0
0 0.2 0.35 0 0 -1 0 1
0.24 0 0.35 0 0 -1 1 1
0 0.18 0.35 0 0 -1 0 0
0.24 -0.02 0.35 0 0 -1 1 0
-1 0.02 0 0 0 1 0 1
-0.1 0.02 0 0 0 1 1 1
-1 -0.02 0 0 0 1 0 0
-0.152 -0.02 0 0 0 1 1 0
0.1 0.02 0 0 0 1 0 1
1 0.02 0 0 0 1 1 1
0.152 -0.02 0 0 0 1 0 0
1 -0.02 0 0 0 1 1 0
0.2 -0.03 0.1 0 0 1 1 0
-0.2 -0.03 0.1 0 0 1 0 0
0 0.12 0.1 0 0 1 0.5 0
-0.26 0 0.5 0 0 1 0 1
-0.24 0 0.5 0 0 1 1 1
-0.26 -0.02 0.5 0 0 1 0 0
-0.24 -0.02 0.5 0 0 1 1 0
0.24 0 0.5 0 0 1 0 1
0.26 0 0.5 0 0 1 1 1
0.24 -0.02 0.5 0 0 1 0 0
0.26 -0.02 0.5 0 0 1 1 0
-0.24 0 0.5 0 0 1 0 1
0 0.2 0.5 0 0 1 1 1
-0.24 -0.02 0.5 0 0 1 0 0
0 0.18 0.5 0 0 1 1 0
0 0.2 0.5 0 0 1 0 1
0.24 0 0.5 0 0 1 1 1
0 0.18 0.5 0 0 1 0 0
0.24 -0.02 0.5 0 0 1 1 0
0 -0.03 -0.5 -0.71 0.71 0 0 0
-0.2 -0.03 0.1 -0.71 0.71 0 1 0
0 0.12 0.1 -0.71 0.71 0 1 1
-0.24 0 0.35 -0.71 0.71 0 0 1
0 0.2 0.35 -0.71 0.71 0 1 1
-0.24 0 0.5 -0.71 0.71 0 0 0
0 0.2 0.5 -0.71 0.71 0 1 0
0 -0.03 -0.5 0.71 0.71 0 1 0
0.2 -0.03 0.1 0.71 0.71 0 0 0
0 0.12 0.1 0.71 0.71 0 0 1
0 0.2 0.35 0.71 0.71 0 0 1
0.24 0 0.35 0.71 0.71 0 1 1
0 0.2 0.5 0.71 0.71 0 0 0
0.24 0 0.5 0.71 0.71 0 1 0
0 0.18 0.35 -0.71 -0.71 0 0 1
0.24 -0.02 0.35 -0.71 -0.71 0 1 1
0 0.18 0.5 -0.71 -0.71 0 0 0
0.24 -0.02 0.5 -0.71 -0.71 0 1 0
-0.24 -0.02 0.35 0.71 -0.71 0 0 1
0 0.18 0.35 0.71 -0.71 0 1 1
-0.24 -0.02 0.5 0.71 -0.71 0 0 0
0 0.18 0.5 0.71 -0.71 0 1 0